0,0.573400623868525,0.409741875915779,0.563260304611537,0.451326900159052,0.515330356895733,0.749076196082966,0.508982195304692,0.565898791676975,0.748978014451023
10.03,0.50569477677736,0.367406983668199,0.495751063088343,0.477943733683278,0.497339729054757,0.593573583675872,0.486059265587925,0.537668765286155,0.748771494777921
19.995,0.502742559662306,0.392287723383045,0.49379229292269,0.452949877812967,0.474718377479566,0.55079344637995,0.471803132955654,0.514696707530724,0.725518909361958
30.015,0.479655221071024,0.404205388624609,0.484977827177252,0.450863192257933,0.449414399741105,0.537034944230102,0.445450081244984,0.515338626884015,0.72221077015393
40.068,0.466325210232885,0.395934110783271,0.469899852181182,0.457030507342815,0.477496811720096,0.555392754643987,0.458871140530534,0.514235102602514,0.709410374859978
50.016,0.450928647414208,0.395658122746098,0.467941082015529,0.398742424172166,0.449307946321928,0.509951588995301,0.458654886476603,0.522457440386248,0.730907543054571
60.074,0.484904163026433,0.395900657687856,0.480240336544047,0.421093145006099,0.45804777203639,0.568113127214238,0.474824035739809,0.535620393417225,0.719357739114405
70.231,0.467120807726603,0.368042592481082,0.445438001507797,0.380101366547185,0.443197520061147,0.462999222059859,0.45329511292454,0.501274101727629,0.719709587446357
80.017,0.473555640285855,0.377626904317456,0.445984635042398,0.389421895359675,0.446646610842494,0.476402920429339,0.474038867174764,0.513045027396974,0.716198753003618
90.232,0.49813409870813,0.375636445140269,0.467531106864578,0.415296796242111,0.481094937288291,0.467973045425397,0.449718603571053,0.48542085747443,0.7253353363192
100.112,0.473370501246436,0.3623639295344,0.4470779021116,0.403333132393243,0.4710776705437,0.497362625232594,0.488022187000536,0.506762872827121,0.722937413448179
110.058,0.486690504568931,0.40844556846845,0.470446485715783,0.450353113566703,0.475580650174903,0.59254859497703,0.442532315009628,0.504317809223011,0.723847629785185
120.062,0.504699028970757,0.413998782307327,0.477529945268317,0.43440156176821,0.4919638313863,0.574256488966917,0.514917537338758,0.524866441105342,0.750706660603657
130.206,0.514911698685713,0.421818443360564,0.497482069281245,0.431943909892281,0.487205363549072,0.587272531354141,0.473383451042078,0.526792199165216,0.751092928881126
140.026,0.489347499972479,0.423767086168483,0.514541590840244,0.427306830881091,0.48330916840718,0.617483416208488,0.467834039319645,0.534668333252793,0.753609409342262
163.284,0.514201165074971,0.455564253360363,0.532876590646645,0.454897450997667,0.464339169109773,0.642970154431631,0.569220593773746,0.547614908973672,0.751922832011926
173.251,0.536507917446002,0.418757485130099,0.545973019079788,0.463012339267248,0.432477660749986,0.627943557288984,0.472179082310951,0.531083682482165,0.7369539801504
183.266,0.554186193831568,0.421015569070606,0.54697518055989,0.449472068554576,0.433925427250798,0.677727784026997,0.473390105012969,0.57603967494358,0.738131907174761
193.186,0.530753595950559,0.438344272495534,0.561210428856785,0.453691810454758,0.426367234489204,0.593330477381916,0.510372875220745,0.578809304512837,0.730678076751124
203.274,0.513590706620672,0.43544221646829,0.536133615456974,0.421788706857775,0.424333974182917,0.577180334934769,0.509115274722496,0.542349727761281,0.720967827676925
213.248,0.532039561710845,0.420873393415093,0.535586981922373,0.447524495369877,0.408802420324938,0.577988499101164,0.551367989875318,0.521469317336799,0.745616333105524
223.246,0.51188942896115,0.449801957675144,0.57603786348283,0.427956021942658,0.423067178494706,0.566601925927483,0.454782275418501,0.502788742898316,0.757976917984536
233.288,0.553035329532479,0.416566307380422,0.595557235947532,0.441913629766337,0.446497576055645,0.610840700987143,0.522496410182705,0.52131785321973,0.777634531313163
243.201,0.562372341628563,0.419752714718693,0.609792484244427,0.48262718348458,0.444464315749358,0.506856911577642,0.495451345499454,0.510693727293906,0.751245906416757
253.178,0.54783142139747,0.423089660986331,0.584396801282767,0.509800466490149,0.442462991468823,0.57260730843224,0.456765158743783,0.531364972985293,0.749065976534011
263.23,0.535972515359035,0.425247385640593,0.553443677385999,0.460925653712214,0.453512856379434,0.558014360354489,0.510998348484425,0.527823597676685,0.74964729116941
273.24,0.568942275649012,0.444206927466998,0.584988987611917,0.455268417318562,0.455567407369557,0.590570892423494,0.489592524130625,0.517740415026106,0.763927744120595
283.214,0.516627987618702,0.423566367595994,0.531327795631943,0.483415486916482,0.454321902365182,0.642037151898069,0.475895325053132,0.52094279921556,0.752075809547557
293.314,0.53987044270247,0.448371837846156,0.534470938455897,0.459024451317626,0.453821571295048,0.599073042271585,0.515626185238565,0.510145571441657,0.762692450520372
303.235,0.524463872368149,0.447033714029559,0.529528460247215,0.397304929678697,0.444741094639219,0.60997997329773,0.469407703435179,0.485485770667459,0.78103828148096
313.224,0.503072807678567,0.444181837645437,0.531828876371993,0.466258294575081,0.449126975509326,0.582929470264815,0.468223296616722,0.508746331503022,0.790385208908035
323.243,0.507290975522617,0.435408763372875,0.541554398008432,0.473306654672089,0.467149539376055,0.645604901022886,0.461961910009036,0.518093831299266,0.783069058266466
333.336,0.516137619352133,0.435843653613269,0.533218236605771,0.46598006983441,0.463487541756354,0.694554681832995,0.498365784749365,0.51396102467639,0.776686070592249
343.266,0.496512881173761,0.438737346366659,0.533855975729471,0.458143406305501,0.462284618119649,0.659705066072348,0.570315171985186,0.50270940455128,0.761571890071873
353.259,0.525289492408799,0.428383613335742,0.546519652614388,0.550003941517159,0.487790857354547,0.672254607192793,0.495241745416412,0.502089122928999,0.737776234404418
363.273,0.492049529196427,0.457613255454527,0.520850652885428,0.471590935437949,0.46209300196513,0.5601431830367,0.542850907135851,0.499456532322803,0.758382308453959
373.209,0.54696076753642,0.441656128941611,0.520577336118128,0.453088990183303,0.475090964446687,0.534741860538461,0.489928549660581,0.518324633763371,0.746212945494487
383.252,0.548526943734745,0.455656249372755,0.536999118553426,0.474373182844662,0.511700295301785,0.604907593326535,0.518490719706799,0.514696707530724,0.763051947729106
393.205,0.536377819742627,0.451006269110081,0.541258304843857,0.501314611899672,0.504802113739091,0.619112885422033,0.548510109377973,0.506697959634092,0.743864740322545
403.274,0.52477410535312,0.436128004924296,0.512992795825542,0.459395417638522,0.486641160427432,0.57326435246996,0.46416770135914,0.501223613688606,0.746553320511266
413.237,0.512845146705176,0.439356228631835,0.498507007158622,0.465006283242061,0.475495487439561,0.680934158931068,0.489609159057851,0.489344499364211,0.735902259592934
423.244,0.534146143753959,0.43965730649057,0.496593789787519,0.455314788108675,0.476858091205031,0.585478801131167,0.487173805712035,0.497920253421106,0.760179794497628
433.231,0.521271474877633,0.427789820892127,0.507389802095884,0.481375172151558,0.461475572133901,0.577988499101164,0.530088590968432,0.481461152699632,0.762084364816238
443.202,0.529087344595791,0.449333614339335,0.561210428856785,0.512165376785855,0.50843217533304,0.595925801330909,0.486704700764275,0.512936838741925,0.788545654042068
453.243,0.515201916639396,0.441087426319557,0.533514329770346,0.516060523155254,0.459591346614462,0.567850309599151,0.507697978922882,0.460169625385963,0.740877853939344
463.236,0.533915970894142,0.419694171801717,0.564125807707989,0.549586604406152,0.471812199136024,0.554788274129285,0.472352085554096,0.50894107108211,0.7366633228327
473.163,0.518544426864575,0.413070458909563,0.514951565991195,0.52524193959741,0.47131186806589,0.505194590162211,0.48719709461015,0.467331714350215,0.709219152940439
483.29,0.538124131222548,0.416549580832715,0.546542429011664,0.559324470329651,0.478146177577078,0.654468425091724,0.503995044122481,0.488017385195609,0.740246821604864
493.251,0.53940008946719,0.453406528706101,0.582779677076239,0.544022109592725,0.482553349131021,0.637608675083839,0.517648992389188,0.518223657685325,0.740992587091067
503.275,0.518654509536662,0.416323772438664,0.549731124630168,0.521022197697226,0.471769617768353,0.557843528904681,0.497926622670611,0.523791767131854,0.755919370130295
513.301,0.547341053130901,0.420563952282505,0.560618242527633,0.531733850213073,0.47700712599188,0.621103728856323,0.490394327622895,0.54245791641633,0.759326944736483
523.293,0.557168433493554,0.436721797367911,0.56150652202136,0.52895160280636,0.478018433474065,0.671479295228283,0.489635774941412,0.543373913695746,0.753372294162033
533.362,0.532294753359773,0.457086369201742,0.540483907336505,0.515040365772792,0.49375224882848,0.660743195651946,0.486797856356738,0.522320401423186,0.730104410992507
543.191,0.515522157140012,0.469179663194235,0.513402770976492,0.483600970076929,0.494731620284912,0.638738790828716,0.475246562891337,0.538123157637362,0.713651677035357
553.231,0.509717798066348,0.438695529997391,0.506250982232132,0.503308555874483,0.468682468612209,0.570971268778319,0.510332951395404,0.492063640894446,0.706213144365283
563.225,0.480380765955232,0.45134080006423,0.521625050392779,0.49120577965528,0.484607900121144,0.592371193086846,0.520796320620256,0.514408204450593,0.721113156335775
573.204,0.52171180556598,0.466344513357821,0.534903690004122,0.526540321720542,0.49944750675447,0.555951242076049,0.528155612424827,0.526489270931079,0.733619069873637
583.19,0.557373587564261,0.470743595404883,0.557588981690054,0.520326635845548,0.500139453979123,0.588816584842782,0.528774431717616,0.527953424062744,0.742786248696345
593.259,0.5485619700395,0.454117406983668,0.510282404549813,0.496677532888482,0.482819482678964,0.493985418878715,0.586993350021492,0.488421289507792,0.714083838573515
603.235,0.520926215587907,0.391225587603621,0.508186976000511,0.538550356359523,0.483745627425807,0.544124449397096,0.53450682763953,0.520401855940315,0.721736539793473
624.386,0.943698717737021,0.893523815258626,0.873201518730171,0.940028657148289,0.716410220379868,0.950992399314572,1.02289498303903,1.04703537841146,0.95033852016416
634.43,1.01888518277226,1.00672072686886,1.06907853529544,1.04927823865191,0.769381441762528,1.01950895156797,1.03147195151651,1.09095997236141,0.994346332726905
644.413,0.964649451738255,0.954400085639924,0.979954492758245,1.0289678325829,0.800838427129441,0.94869931562293,1.02005373746891,1.15608954270098,0.96429772029052
654.489,1.03075409632634,0.923882499347665,1.01354967873892,1.06434874543827,0.859515551780008,0.931951263101458,1.01456421148449,1.12382047318833,0.95785354160205
664.69,1.04573034348796,0.870959702401263,0.990727728669335,1.01825618006705,0.880465584674114,1.00765587712751,0.966878529099811,1.10547167729199,0.977782690056422
674.447,0.998644982381769,0.858858045134916,1.01407353587624,0.969752333610012,0.885170825801754,0.941228724914059,1.02453851384891,1.10738301019786,0.989378387257277
684.48,0.962813072617536,0.948512340846899,1.05675650436965,1.03810287823494,0.892920634717866,1.01533672192845,1.01764167302121,1.03315838025716,0.959654852084109
694.455,0.964139068440399,0.981681084950791,0.997150672700894,0.94104881453075,0.92070497712316,1.05447683525541,1.00521870936919,1.0392025197859,1.0043472391188
704.471,1.02598051136403,0.952233997711808,1.00384693349975,0.937802859222919,0.939653685736732,0.979251863376891,1.07182828496562,1.03443500638674,1.01790869765252
714.409,1.02054643036921,0.938769126807303,0.970547840683656,0.966181782771396,0.908792839517212,0.910439641306519,1.01671011709658,1.03571884509332,0.977476734985159
724.459,1.04547014808121,1.07346801549547,1.02480121899278,1.0562802279588,0.93439488682937,1.09145527369826,1.01155994362756,1.07180336784071,0.990372741238881
734.414,1.02545011303489,0.986632143072198,1.06891910051452,1.06471971175917,0.945934437468197,0.914040242633222,1.03190113263892,1.01891354067569,0.958553413827563
744.482,0.965475071778906,0.952091822056295,0.952235617274531,0.998687706639834,0.972185850637337,0.924033882446937,0.942934214851397,0.990972017365001,0.987909802915216
754.521,0.981597179481791,0.936954296381044,0.95861300851154,0.944294769838583,0.970227107724473,0.925472808889543,0.976796272711666,0.92611652495155,0.989695815643712
764.462,0.991119330617294,1.00351759298288,0.971846095328333,0.889159900395543,1.01925955259757,0.95622246985482,0.982435513041118,1.01028008600277,0.978662310886302
774.441,0.96289313274269,0.99116503750092,1.0173077842893,0.987419604642644,1.00188635458782,1.13563491479453,1.01524291651529,0.968050447648592,0.968516075835554
784.429,0.998309730607686,0.988246254925968,0.966015337625925,1.02799404599055,1.00294024343768,0.97953439231311,0.977890850923105,0.950105556064443,0.989558135861644
794.409,1.06997355013615,1.02170771361474,1.02243247367618,1.0176533597956,1.08940171049354,1.06337978196651,0.975512056329856,1.0288524717862,1.01964116824355
804.46,1.02614563537216,1.00370158500766,1.0163967283983,1.00174817878722,1.03887891775196,1.02018570692682,1.0392238276036,0.990193059048647,1.04997661355924
814.424,0.933566108147218,1.04251553896282,1.0014326353886,1.01204249419206,1.02489093847205,0.990040526476246,1.04650327175749,1.0447129286164,1.06711392198834
836.707,0.830668832293052,0.758983828773676,0.815691115610715,0.841722582111077,0.954472001686222,0.884933191762245,0.762455235410836,0.782990146898556,0.952304281497023
846.268,0.703713488830111,0.713955962345196,0.767336824195822,0.720694819919036,0.895220028572098,0.985999705644271,0.745524206480702,0.731369733286115,0.897951363087209
856.215,0.703818567744376,0.723707539658645,0.782619786767369,0.723291584165303,0.862315276704373,0.967812726680193,0.785704209701223,0.768052899924773,0.884902379297856
866.2,0.711399260844894,0.752970634872845,0.779431091148864,0.704511414169986,0.911177396106785,0.893724440986933,0.730855527653238,0.739779598071934,0.884210155949124
876.208,0.717173597371626,0.74948314967584,0.717319855779853,0.728438741867724,0.924079550511083,0.813466511779486,0.724807068114038,0.779181906240827,0.867765070868756
886.247,0.703728500103578,0.737063688003051,0.729095253171044,0.756261215934858,0.861240097170681,0.781001965875761,0.707739632780655,0.741784694478844,0.859305413148343
896.183,0.690103267553933,0.735508119066257,0.733946625790626,0.752087844824787,0.879060399540973,0.718779895503716,0.780244626585808,0.789156900236356,0.841464408055338
906.215,0.735047020312254,0.671453804620541,0.726635402265341,0.730757281373317,0.841780412145058,0.6537259653291,0.684770125267656,0.778539986887535,0.841070490901087
916.241,0.759975741782078,0.72205997470946,0.752896588323452,0.764839812105559,0.845293374977911,0.739864438674138,0.796922804622114,0.736029058030231,0.849935539090923
926.166,0.767931716719256,0.760723389735252,0.793301917089359,0.761130148896607,0.881200113266438,0.871240394016169,0.722182076597851,0.807383082323633,0.878312871950536
936.265,0.778809886224555,0.738284725985696,0.756426929901083,0.762706755760412,0.857886814466594,0.78182327092291,0.776548345756297,0.764338422768086,0.87745237331261
946.183,0.784153899578583,0.740609716117032,0.79774331455799,0.899778811331167,0.841844284196564,0.956176476772179,0.775773158147588,0.826994079195538,0.888940986238523
956.255,0.760260955977939,0.668852826452032,0.70146748327643,0.828321423768739,0.817264189708509,0.747026218685281,0.703627478770506,0.758330346124358,0.895385164926993
966.147,0.877934328680839,0.698600991549748,0.799132674791767,0.882436135829318,0.802243612262582,0.748484856449019,0.752131599574678,0.855195255278344,0.87398743213056
976.262,0.854771933722225,0.73008871760904,0.827944817344682,0.863795078204338,0.822171692332586,0.856292642158048,0.738424419540849,0.883446919400173,0.877983970248929
986.301,0.806425625644859,0.725405284250952,0.806739991481628,0.803513051058877,0.784018786899416,0.799813136675673,0.753645377952201,0.799413184735014,0.865359499120953
997.091,0.736703264151378,0.720387319938714,0.738524681642907,0.779029273879798,0.802392647049431,0.795982569935767,0.755741378782616,0.848819337207449,0.91235802250529
1006.207,0.805785144643627,0.757135545252002,0.886229617971489,0.84278911028365,0.820862315276705,0.902791648707463,0.837485411168823,0.889289106772826,0.954235622884368
1016.284,0.732134833259778,0.698400272977259,0.721305725302983,0.781301442595281,0.791853758550871,0.691026355350441,0.79950787231296,0.871207176225615,0.924546507656717
1026.287,0.771319260764834,0.717384904625225,0.753579880241703,0.774809531979615,0.814826406409347,0.760140817678164,0.792284986911639,0.850824433614359,0.906778166893137
1048.927,0.64237742544651,0.524636532118317,0.602276273143666,0.620719396437796,0.795547692196326,0.580137033104507,0.634093482967831,0.737579762085935,0.843946468570956
1058.922,0.596207752021768,0.44656537069375,0.59034144097155,0.562895021168265,0.679534755976827,0.547094288447589,0.549711151123656,0.625561228648067,0.796737601075126
1068.974,0.601391645125489,0.467674273900564,0.608721993572501,0.556542222922936,0.695715675691787,0.594026944061899,0.607617332795692,0.658421729474989,0.809916615769766
1078.861,0.599770427591121,0.497422438998281,0.587016086969395,0.551441436010629,0.685442920741171,0.633535002049977,0.592289910850098,0.671036526653718,0.816192519169041
1088.953,0.575577258521149,0.541597251493681,0.616124322686886,0.56985063968505,0.661533482793934,0.656281866635829,0.596538471263496,0.709421861465149,0.826568220523237
1098.954,0.582872737425807,0.537683239330135,0.666186843897406,0.62007020537623,0.675308555235485,0.710573415472599,0.616653425264595,0.67529194708565,0.823478074303484
1109.202,0.581531730329477,0.488072298829811,0.59740212412681,0.552368851812866,0.633813012440146,0.644363087791596,0.560024806003479,0.600194595327548,0.78718797841334
1118.868,0.539355055646791,0.527689127074928,0.608198136435175,0.551858773121635,0.610010027912086,0.730685533467195,0.62830452829335,0.635254932140469,0.777481553777532
1128.862,0.549432623900549,0.518773877146852,0.618834713962615,0.582695348546044,0.608839040301135,0.742853989045762,0.555493451827247,0.620094095279585,0.823087981587624
1139.006,0.573770901947362,0.482652897372594,0.679306048727824,0.641261656457364,0.604325415328015,0.821456167278156,0.557456373239858,0.665908384404389,0.845870161081521
1149.21,0.598649585838965,0.497798786321698,0.627079769776176,0.55074587415895,0.597608204577923,0.695763642862399,0.555363699394888,0.581232730385938,0.836351133926861
1158.989,0.628046663043946,0.519660384175348,0.688439384035112,0.628973397077712,0.596692705172997,0.724384481145464,0.602317444981642,0.66247519775083,0.8514806122008
1168.889,0.627030900206055,0.501578986103584,0.625417092775099,0.595957394518045,0.595819787135743,0.687281204335439,0.547332356530407,0.545703576067804,0.820020781998215
1178.994,0.657678916866567,0.546464676876551,0.681765899633528,0.602542046713934,0.620282782862703,0.758117122041988,0.579544229609904,0.669767113101141,0.815175218557093
1188.895,0.644033669285633,0.50121100205402,0.639971210633845,0.588816292840814,0.613065241042477,0.780266076553515,0.559246291409324,0.647833666434181,0.799353516934422
1198.871,0.596152710685725,0.507751082207637,0.671448191667938,0.596421102419165,0.620538271068728,0.809721360764484,0.627379626339611,0.663939350882495,0.788327661053793
1208.926,0.600896273101099,0.485688765781498,0.636531974645314,0.60416502436785,0.607093204226626,0.74841258160487,0.619760829670322,0.597727893992428,0.803552750287502
1218.952,0.561096383383921,0.499471441092444,0.649263980722057,0.60954403602083,0.591370034214129,0.684672739505693,0.560603701470927,0.609527669969786,0.800825925714874
1228.881,0.59588250776333,0.524126372413239,0.650630564558559,0.608338395477921,0.622135072356389,0.686992104958843,0.50730539464036,0.611900607803864,0.818120036117996
1238.852,0.644584082646067,0.575192522564113,0.678873297179599,0.643580195962959,0.620314718888456,0.690467867918379,0.54054863320784,0.614655812219115,0.788767471468733
1262.702,0.463287929234855,0.349484487799656,0.468419386358304,0.42753868483165,0.564288284375406,0.527816616380896,0.381249243110811,0.444323593709767,0.704855468736555
1272.727,0.429352443685208,0.299263028308009,0.394441648009001,0.361924016823324,0.499905256456932,0.452144854556732,0.365918494179772,0.387676013926044,0.679663893056464
1282.565,0.391879301355318,0.315579775596636,0.426556368166796,0.424895549795272,0.479742978864738,0.50873605752552,0.37879725483777,0.389709960640967,0.676864404154411
1292.559,0.419615130963353,0.328400674414404,0.403802747289039,0.431248348040602,0.45207573522054,0.438655740462349,0.394736842105263,0.355197779680295,0.688318597134807
1302.605,0.388877046662043,0.302491252015549,0.408722449100446,0.417429852587258,0.447125651228792,0.551292799848617,0.338567346835571,0.354584710635017,0.690437336003301
1312.588,0.377383414944623,0.316784087031573,0.385057772331688,0.40695005402197,0.401851012052656,0.47443178831618,0.350754094520987,0.36375189600618,0.664825072100225
1322.56,0.387230810338564,0.320137759846919,0.402960020589863,0.38905092903878,0.40978179178137,0.442157785183394,0.328057399814487,0.350437478858134,0.682386893190702
1332.598,0.389172268373549,0.333134287415615,0.41484929996743,0.403843211084473,0.379410631290066,0.407984924781598,0.310916770801311,0.335860860734514,0.68725922770056
1342.763,0.377738681749994,0.303821012558292,0.406217045400193,0.350795027196468,0.376014767218308,0.395382820138137,0.339808312406595,0.333242695282326,0.689982227834798
1352.754,0.390953606158225,0.297055124010625,0.38298512017966,0.340871678112523,0.377302853590354,0.360309809404666,0.306222394338269,0.33391346494363,0.678795745541757
1362.71,0.390478249165123,0.315780494169125,0.412617213034476,0.385573119780387,0.37205470002491,0.399883571796516,0.300646366732275,0.378234750628756,0.697206591954988
1372.739,0.375381911815774,0.318381472337635,0.419677896189737,0.363036915786008,0.36913787633945,0.437065693891067,0.330110149834117,0.387135070650798,0.681323699318064
1382.645,0.389547550210208,0.30110294855583,0.433161523376555,0.370085275883016,0.370979520491219,0.446132901611598,0.349529763877189,0.368050591900132,0.665773532821139
1392.719,0.394676401977885,0.301521112248516,0.426784132139546,0.377319119140471,0.35173274230395,0.437735878809541,0.368653276215647,0.392977258023451,0.657669547871069
1402.591,0.380921071724865,0.287387179435713,0.394236660433526,0.369528826401673,0.353797938635991,0.390034481671099,0.34349461227977,0.363852872084226,0.657474501513139
1412.744,0.377553542710576,0.291217558860721,0.377222691669077,0.366839320575183,0.359769975451841,0.331472146589153,0.358572510316982,0.35254355134309,0.669544429074452
1422.758,0.369807725601927,0.275168436335414,0.387699834415592,0.412421807255174,0.351349509994912,0.428070761014686,0.351452761464459,0.378689142979963,0.692380150705819
1432.505,0.367335869237798,0.273361969183008,0.373965666858748,0.329742688485669,0.34420648556811,0.331301315139346,0.340007931533301,0.31490832454,0.675655881622923
1442.692,0.383498007003259,0.297849635026729,0.398154200764831,0.37829290573282,0.344142613516603,0.438373211526129,0.375839564777072,0.355277118027331,0.673533318316039
1452.757,0.400826020341276,0.302265443621498,0.366130586196137,0.36748851163675,0.314261138753516,0.320105284736604,0.33534017095382,0.326022905702047,0.669479413621808
