210909HeLa-YN2-7035-1.nd2	0.641	1	-1	-1	1414.06	2787.21	1915.31	2176.48	2212.94	3058.07	2544.23	2838.65	2299.42	2476.73	1245.23	2391.17	1735.16	1492.53	1342.56	1729.32	2385.3	2775.09	2029.83	1958.4
210909HeLa-YN2-7035-1.nd2	10.671	2	-1	-1	1417.31	2747.57	1914.57	2153.19	2186.22	3046.02	2522.25	2820.1	2270.62	2434.94	1245.38	2256.01	1684.69	1463.04	1348.45	1712.57	2148.78	2706.34	1990.84	1957.86
210909HeLa-YN2-7035-1.nd2	20.636	3	-1	-1	1419.41	2827.82	1923.37	2174.04	2194.65	3096.36	2576.55	2882.67	2232.22	2500.81	1253.4	2258.13	1722.46	1470.2	1351.08	1699.34	2091.69	2671.51	1967.01	1897.06
210909HeLa-YN2-7035-1.nd2	30.656	4	-1	-1	1422.56	2855.63	1912.05	2281.44	2288.48	3224.03	2701.56	3140.16	2281.22	2627.31	1255.66	2214.25	1738.97	1468.59	1352.89	1677.83	2073.01	2594.56	1970.16	1888.41
210909HeLa-YN2-7035-1.nd2	40.709	5	-1	-1	1413.74	2808.91	1888.47	2173.7	2219.7	3067.1	2522.24	2953.84	2235.19	2495.87	1252.32	2184.27	1725.74	1458.63	1350.88	1700.87	2097.61	2631.56	1965.29	1854.94
210909HeLa-YN2-7035-1.nd2	50.657	6	-1	-1	1423.82	2823.41	1902.48	2298.29	2319.29	3247.69	2754.38	3201.87	2285.56	2618.27	1243.49	2144.67	1716.58	1448.94	1329.48	1665.56	2019.62	2622.08	1967.86	1911.15
210909HeLa-YN2-7035-1.nd2	60.715	7	-1	-1	1424.11	2819.95	1879.54	2255.26	2299.31	3200.62	2637.26	2997.92	2279.84	2602.01	1246.84	2215.92	1720.22	1457.69	1337.65	1677.12	2111.49	2674.03	1989.46	1880.95
210909HeLa-YN2-7035-1.nd2	70.872	8	-1	-1	1417.49	2778.54	1879.52	2253.52	2312.09	3216.41	2629.81	2968.65	2300	2581.86	1246.44	2179.98	1686.51	1442.01	1328.41	1662.77	1951.11	2608.92	1941.44	1881.87
210909HeLa-YN2-7035-1.nd2	80.658	9	-1	-1	1428.44	2764.75	1915.76	2315.95	2319.39	3245.36	2665.5	3037.2	2412.77	2644.47	1249.49	2195.89	1701.02	1445.3	1333.47	1669.06	1974.56	2674.32	1960.81	1872.69
210909HeLa-YN2-7035-1.nd2	90.873	10	-1	-1	1423.31	2841.2	1877.31	2314.35	2302.98	3227.43	2655.81	2980.72	2352.01	2595.61	1244.66	2240.18	1693.81	1449.93	1334.22	1696.59	1956.9	2596.39	1917.68	1896.58
210909HeLa-YN2-7035-1.nd2	100.753	11	-1	-1	1437.73	2940.79	1927.27	2389.51	2154.68	3187.96	2548.79	2914.93	2507.33	2752.26	1246.65	2192.68	1679.93	1442.94	1333.63	1689.17	2003.62	2713.51	1949.26	1890.31
210909HeLa-YN2-7035-1.nd2	110.699	12	-1	-1	1425.51	2896.03	1892.19	2318.94	2307.42	3203.03	2768.86	3099.44	2417.05	2667.64	1245.37	2218.02	1733.75	1451.92	1342.49	1692.12	2147.21	2575.5	1944.59	1892.69
210909HeLa-YN2-7035-1.nd2	120.703	13	-1	-1	1426.22	2890.09	1897.58	2319.92	2270.21	3205.1	2770.19	3088.19	2438.57	2741.96	1246.92	2255.56	1741.94	1456.58	1340.6	1709.06	2120.92	2794.62	1974.63	1962.92
210909HeLa-YN2-7035-1.nd2	130.847	14	-1	-1	1432.9	2927.56	1921.53	2368.12	2230.44	3221.15	2748.68	3003.86	2481.65	2793.82	1253.6	2282.65	1757.97	1472.02	1346.75	1711.27	2147.41	2676.46	1983.98	1963.93
210909HeLa-YN2-7035-1.nd2	140.667	15	-1	-1	1426.38	2851.11	1916.42	2337.87	2251.93	3205	2820.79	3050.8	2431.87	2719.58	1250.21	2228.17	1756.91	1476.12	1342.36	1704.22	2190	2656.39	1991.51	1970.51
210909HeLa-YN2-7035-1.nd2	163.925	16	-1	-1	1437.87	3092.69	1911.27	2410.22	2169.88	3132.15	2537.06	2998.19	2469.26	2704.94	1246.23	2273.86	1790.95	1480.19	1344.33	1682.42	2224.81	2957.15	2005.48	1966.1
210909HeLa-YN2-7035-1.nd2	173.892	17	-1	-1	1437.56	2855.6	1933.78	2414.37	2198.46	3077.24	2726.89	3040.07	2421.05	2724.58	1240.38	2312.59	1741.09	1480.09	1340.23	1646.64	2196.09	2659.62	1976.71	1926.96
210909HeLa-YN2-7035-1.nd2	183.907	18	-1	-1	1444.62	3051.84	1921.79	2400.39	2165.5	3100.42	2561.61	2961.81	2439.86	2685.81	1244.78	2352.32	1748.19	1484.93	1341.71	1652.4	2276.26	2667.66	2043.44	1930.04
210909HeLa-YN2-7035-1.nd2	193.827	19	-1	-1	1439.68	2942.46	1914.65	2428.89	2159.96	3130.71	2617.2	2897.25	2406.33	2650.96	1244.03	2304.74	1768.16	1490.43	1341.87	1644.55	2147.06	2778.07	2046.53	1910.55
210909HeLa-YN2-7035-1.nd2	203.915	20	-1	-1	1437.57	2917.81	1920.24	2425.72	2153.7	3116.71	2574.87	2842.17	2381.39	2641.03	1241.38	2267.79	1762.04	1476.77	1332.34	1639.99	2119.83	2771.64	1993.33	1885.16
210909HeLa-YN2-7035-1.nd2	213.889	21	-1	-1	1442.07	2910.29	1896.56	2428.21	2155.87	3137.02	2550.85	2933.22	2419.85	2690.93	1241.9	2305.18	1745.14	1477.05	1338.41	1625.92	2121.58	2899.16	1964.9	1949.61
210909HeLa-YN2-7035-1.nd2	223.887	22	-1	-1	1444.43	2925.75	1888.93	2400	2166.87	3136.82	2546.47	2967.33	2432.69	2759.27	1242.77	2265.78	1780.6	1495.68	1335.06	1640.19	2105.12	2609.72	1939.87	1981.93
210909HeLa-YN2-7035-1.nd2	233.929	23	-1	-1	1441.17	2921.12	1883.45	2404.7	2179.02	3155.67	2604.83	3143.21	2396.16	2713.99	1245.45	2350.69	1743.54	1506.93	1340.75	1664.88	2175.13	2815.93	1968.24	2033.33
210909HeLa-YN2-7035-1.nd2	243.842	24	-1	-1	1443.51	2951.94	1875.02	2394.63	2182.71	3132.89	2572.83	3140.86	2371.49	2652.36	1243.31	2367.21	1745.21	1511.04	1347.39	1660.83	2014.73	2732.5	1951.37	1964.33
210909HeLa-YN2-7035-1.nd2	253.819	25	-1	-1	1441.88	2979.83	1881.15	2404.98	2183.38	3158.74	2575.54	3121.29	2398.96	2649.29	1244.48	2339.32	1750.37	1501.06	1354.42	1660.12	2115.97	2617.39	1981.2	1958.63
210909HeLa-YN2-7035-1.nd2	263.871	26	-1	-1	1450.21	3015.23	1879.98	2395.25	2189.44	3201.64	2506.79	3108.55	2436.4	2625.62	1244.04	2315.18	1752.51	1487.03	1343.44	1670.06	2093.32	2779.96	1975.85	1960.15
210909HeLa-YN2-7035-1.nd2	273.881	27	-1	-1	1440.97	2978.53	1889.73	2375.05	2177.68	3204.05	2537.82	3089.04	2398.28	2627.79	1240.41	2377.44	1771.55	1497.25	1338.59	1668.36	2139.24	2711.99	1958.24	1997.49
210909HeLa-YN2-7035-1.nd2	283.855	28	-1	-1	1451.29	3071.95	1896.38	2377.43	2174.92	3204.82	2494.13	3032.39	2392.54	2635.22	1252.11	2284.59	1758.57	1485.39	1356.36	1678.89	2229.27	2682.52	1974.38	1966.5
210909HeLa-YN2-7035-1.nd2	293.955	29	-1	-1	1446.87	2988.77	1902.34	2356.37	2176.86	3181.02	2527.9	3083.13	2398.66	2710.94	1249.24	2328.17	1785.36	1483.9	1348.23	1675.55	2161.01	2799.07	1956.54	1994.26
210909HeLa-YN2-7035-1.nd2	303.876	30	-1	-1	1455.39	3105.72	1892.22	2325.54	2240.52	3166.83	2367.6	3057.98	2416.31	2800.44	1252.34	2300.48	1786.86	1484.83	1338.02	1670.12	2180.71	2663.25	1925.45	2042.23
210909HeLa-YN2-7035-1.nd2	313.865	31	-1	-1	1442.67	2982.71	1892.86	2338	2177.71	3183.06	2529.94	3082.05	2379.17	2730.39	1247.42	2252.81	1778.53	1480.92	1347.97	1669.32	2134.62	2654.77	1952.78	2066.67
210909HeLa-YN2-7035-1.nd2	323.884	32	-1	-1	1441.17	2905.63	1918.18	2324.54	2207.49	3131.64	2692.04	3150.83	2422.59	2750.75	1247.78	2261.6	1768.4	1485.55	1349.85	1686.61	2230.37	2636.31	1966.1	2047.54
210909HeLa-YN2-7035-1.nd2	333.977	33	-1	-1	1431.76	2876.77	1915.28	2311.12	2223.79	3050.13	2698.73	3110.83	2415.21	2678.97	1249.81	2281.31	1770.95	1483.92	1350.3	1685.2	2306.9	2747.76	1962.4	2030.85
210909HeLa-YN2-7035-1.nd2	343.907	34	-1	-1	1433.16	2912.67	1915.42	2352.8	2214.65	3102.97	2683.53	3157.62	2402.16	2749.22	1249.86	2242.14	1774.46	1484.25	1348.66	1684.12	2253.91	2964.07	1946.85	1991.33
210909HeLa-YN2-7035-1.nd2	353.9	35	-1	-1	1441.47	3082.04	1913.77	2354.4	2230.72	3195.33	2556.14	3122.78	2416.2	2839.55	1244.17	2293.96	1756.39	1484.12	1362.78	1702.39	2267.32	2732.73	1940.3	1929.11
210909HeLa-YN2-7035-1.nd2	363.914	36	-1	-1	1431.53	2920.12	1911.65	2367.55	2225.57	3118.39	2653.57	3152.96	2439.16	2791.55	1246.12	2229.48	1793.29	1474.8	1347.82	1680.2	2098.64	2877.78	1938.6	1982.99
210909HeLa-YN2-7035-1.nd2	373.85	37	-1	-1	1429.25	2925.87	1899.42	2366.02	2233.97	3138.21	2636.5	3099.46	2426.23	2815.68	1246.64	2339.74	1774.73	1475.2	1344.35	1692.93	2060.5	2719.23	1965.28	1951.17
210909HeLa-YN2-7035-1.nd2	383.893	38	-1	-1	1443.27	2951.92	1889.76	2372.53	2255.87	3187.56	2650.77	3112.21	2445.57	2766.41	1249.07	2345.3	1793.9	1484.84	1351.37	1729.75	2169.72	2807.51	1962.68	1995.2
210909HeLa-YN2-7035-1.nd2	393.846	39	-1	-1	1453.27	3093.96	1932.6	2380.24	2350.56	3170.74	2519.95	3102.96	2490.48	2888.7	1246.49	2318.44	1785.76	1484.13	1354.6	1720.69	2188.76	2895.16	1949.01	1945.03
210909HeLa-YN2-7035-1.nd2	403.915	40	-1	-1	1445.14	3070.76	1924.09	2414.23	2273.62	3134.54	2632.2	3061.45	2444.45	2784.38	1250.36	2299.12	1771.84	1475.59	1349.43	1707.5	2122.85	2645.52	1945.29	1952.06
210909HeLa-YN2-7035-1.nd2	413.878	41	-1	-1	1446.18	2987.16	1913.87	2402.22	2256.1	3120.48	2622	3079.39	2458.24	2719.77	1243.37	2268.29	1768.71	1462.24	1343.65	1690.04	2279.73	2715	1921.83	1924.21
210909HeLa-YN2-7035-1.nd2	423.885	42	-1	-1	1443.24	3036.8	1885.69	2410.11	2270.28	3139.07	2518.09	3025.89	2479.57	2791.68	1249.24	2316.73	1774.94	1467.27	1347.43	1697.19	2140.32	2713.55	1939.59	1987.69
210909HeLa-YN2-7035-1.nd2	433.872	43	-1	-1	1444.5	2969.3	1902.82	2415.93	2266.98	3149.87	2571.26	3020.69	2539.22	2775.14	1247.04	2288.8	1758.55	1469.81	1350.85	1680.54	2126.72	2840.34	1914.57	1992.67
210909HeLa-YN2-7035-1.nd2	443.843	44	-1	-1	1438.65	2988.54	1889.24	2388.88	2281.39	3174.58	2589.36	3090.02	2552.17	2795.69	1246.53	2303.91	1783.8	1492.93	1356.98	1724.14	2153.51	2709.43	1957.7	2061.86
210909HeLa-YN2-7035-1.nd2	453.884	45	-1	-1	1448.58	3112.62	1922.15	2354.51	2378.06	3171.35	2540.44	3278.04	2586.11	2986.71	1248.81	2278.44	1776.22	1483.05	1360.1	1680.54	2113.06	2774.81	1886.82	1937.22
210909HeLa-YN2-7035-1.nd2	463.877	46	-1	-1	1429.07	2860.29	1901.26	2397.52	2365.67	3266.89	2771.33	3168.18	2504.9	2805.35	1243.73	2310.76	1745.56	1491.41	1362.25	1686.94	2088.1	2663.49	1949.36	1926.2
210909HeLa-YN2-7035-1.nd2	473.804	47	-1	-1	1444.78	3072.29	1921.36	2366.45	2405.07	3260.35	2402.15	3144.5	2577.56	2839.51	1244.87	2281.18	1738.78	1470.96	1358.14	1687.61	2013.76	2709.25	1892.81	1854.44
210909HeLa-YN2-7035-1.nd2	483.931	48	-1	-1	1440.97	3170.37	1939.9	2402.16	2439.33	3171.5	2368.04	3106.57	2504.56	2986.76	1250.11	2325.55	1748.18	1490.07	1370.73	1699.27	2246.19	2764.98	1926.73	1935.57
210909HeLa-YN2-7035-1.nd2	493.892	49	-1	-1	1436.26	2917.24	1883.74	2411.04	2337.52	3233.15	2537.19	2983.64	2437.69	2770.06	1252.38	2330.37	1794.52	1508.25	1369.7	1705.68	2222.8	2808.29	1970.88	1937.52
210909HeLa-YN2-7035-1.nd2	503.916	50	-1	-1	1440.5	3059.33	1921.49	2295.27	2379.46	3142.94	2440.84	3145.66	2619.96	3005.38	1241.89	2278.42	1739.69	1483.25	1354.25	1685.06	2090.91	2738.52	1968.11	1976.55
210909HeLa-YN2-7035-1.nd2	513.942	51	-1	-1	1437.02	2896.04	1892.94	2374.72	2338.81	3247.46	2654.82	2927.96	2470.09	2797.31	1249.64	2343.5	1752.51	1495.78	1364.31	1697.73	2194.94	2723.63	2001.74	1985.46
210909HeLa-YN2-7035-1.nd2	523.934	52	-1	-1	1432.98	2815.5	1884.82	2352.14	2376.87	3178.65	2609.76	3001.64	2471.23	2755.27	1245.28	2358.78	1767.47	1491.81	1359.35	1694.32	2267.25	2716.99	1998.65	1969.89
210909HeLa-YN2-7035-1.nd2	534.003	53	-1	-1	1430.99	2862.29	1894.79	2386.66	2354.49	3176.81	2557.09	3001.64	2504.37	2662.16	1243.88	2307.67	1790.42	1481.18	1354.95	1707.7	2249.51	2707.06	1968.06	1909.05
210909HeLa-YN2-7035-1.nd2	543.832	54	-1	-1	1428.4	2872.69	1872.6	2421.25	2332.34	3252.84	2506.98	3029.66	2565.48	2676.11	1245.94	2276.21	1806.94	1471.35	1350.23	1710.68	2218.08	2674.4	1992.03	1866.03
210909HeLa-YN2-7035-1.nd2	553.872	55	-1	-1	1443.31	2905.41	1887.9	2327.59	2296.79	3274.95	2455.98	3197.58	2663.64	2670.2	1244.98	2263.65	1769.53	1467.25	1353.52	1685.25	2113.98	2778.9	1927.21	1846.58
210909HeLa-YN2-7035-1.nd2	563.866	56	-1	-1	1439.49	2899.89	1871.72	2387.33	2319.93	3302.39	2566.21	3199.58	2583.78	2625.88	1246.46	2206.5	1786.13	1475.48	1352.39	1701.69	2148.03	2811.83	1959.67	1885.54
210909HeLa-YN2-7035-1.nd2	573.845	57	-1	-1	1431.32	2776.66	1855.71	2384.92	2363.46	3217.84	2695.8	3223.99	2531.39	2654.35	1241.76	2284.4	1799.37	1476.61	1355.31	1710.93	2087.9	2829.25	1971.72	1918.24
210909HeLa-YN2-7035-1.nd2	583.831	58	-1	-1	1430.22	2769.16	1857.1	2359.44	2399.31	3249.35	2715.66	3170.45	2495.72	2704.65	1251.81	2365.72	1814.68	1496.62	1364.02	1721.63	2147.97	2841.16	1983.8	1942.21
210909HeLa-YN2-7035-1.nd2	593.9	59	-1	-1	1427.13	2728.54	1858.83	2349.75	2356.04	3259.5	2668.21	3205.79	2498.47	2714.26	1242.64	2338.94	1785.63	1466.68	1349.75	1696.19	1994.47	3006.98	1919.82	1867.16
210909HeLa-YN2-7035-1.nd2	603.876	60	-1	-1	1429.9	2720.47	1857.57	2373.49	2377.17	3273.69	2717.11	3153.01	2455.85	2768.59	1241.58	2282.65	1709.37	1464.7	1357.72	1696	2069.72	2848.16	1963.1	1887.17
210909HeLa-YN2-7035-1.nd2	625.027	61	-1	-1	1499.14	6266.6	3636.85	5657.92	5737.57	5646	6984.23	8129.17	5278.3	6268.22	1250.35	3136.33	2318.74	1633.73	1453.07	1923.33	2697.73	4324.89	2702.03	2484.91
210909HeLa-YN2-7035-1.nd2	635.071	62	-1	-1	1489.38	6211.96	3543.07	5389.11	5797.19	5809.15	6814.57	7717.34	4959.21	6000.38	1262.28	3298.52	2466.02	1731.66	1488.56	1985.02	2813.94	4362.6	2774.86	2599.98
210909HeLa-YN2-7035-1.nd2	645.054	63	-1	-1	1484.25	6597.12	3532.09	5375.68	5809.68	5920.9	6525.35	7850.87	5190.28	5769.9	1252.74	3180.59	2393.92	1682.99	1474.64	2005.03	2696.63	4318.74	2855.62	2521.41
210909HeLa-YN2-7035-1.nd2	655.13	64	-1	-1	1487.92	6817.93	3738.11	5562.44	5740.47	6250.65	6424.35	7940.38	5713.36	5898.95	1254.05	3314.01	2358.74	1699.05	1483.58	2061.46	2672.45	4303.55	2812.19	2504.56
210909HeLa-YN2-7035-1.nd2	665.331	65	-1	-1	1486.9	6718.69	3751.89	5218.46	5540.94	6025.42	6161.76	8081.22	5389.21	5494.66	1253.77	3343.66	2295.18	1688.75	1473.36	2080.86	2787.39	4159.94	2786.47	2556.67
210909HeLa-YN2-7035-1.nd2	675.088	66	-1	-1	1496.29	7151.71	3673.81	5752.13	5425.62	6761.98	6564.83	8094.18	5835.24	6023.37	1252.43	3248.22	2279.37	1697.66	1461.56	2083.94	2684.95	4331.91	2787.78	2586.99
210909HeLa-YN2-7035-1.nd2	685.121	67	-1	-1	1488.82	6799.65	3776.25	5312.28	5481.79	6448.68	6440.22	9137.99	5200.36	5814.92	1254.2	3178.38	2388.34	1718.17	1478.07	2092.99	2799.51	4312.95	2686.64	2509.27
210909HeLa-YN2-7035-1.nd2	695.096	68	-1	-1	1494.42	6747.18	3671.34	5369.53	5480.03	6754.29	6795.21	8894.52	5241.9	6384.13	1255.93	3182.76	2429.73	1693.73	1458.87	2120.82	2860.81	4277.34	2696.75	2626.13
210909HeLa-YN2-7035-1.nd2	705.112	69	-1	-1	1490.29	6590.83	3689.39	5140.25	5349.75	6730.56	6427.5	8222.77	5158.4	5907.61	1257.27	3307.69	2395.86	1698.01	1459.51	2139.96	2747.66	4478.89	2691.48	2661.59
210909HeLa-YN2-7035-1.nd2	715.05	70	-1	-1	1493.44	6283.84	3633.24	5334.64	5502.03	7389.52	6857.04	7985.03	5028.34	6068.74	1251.96	3291.52	2374.45	1678.08	1460.32	2105.66	2637.62	4307.91	2687.95	2555.87
210909HeLa-YN2-7035-1.nd2	725.1	71	-1	-1	1490.97	6284.31	3649.28	5051.71	5292.12	7120.46	6808.66	8091.92	4835.07	5876.28	1256.95	3346.32	2540.5	1706.89	1484.74	2134.7	2918.11	4297.42	2742.97	2589.59
210909HeLa-YN2-7035-1.nd2	735.055	72	-1	-1	1485.11	6419.63	3664.46	5047.01	5318.24	7330.27	6827.89	8200.02	4759.46	6100.95	1257.69	3307.05	2437.41	1727	1487.3	2146.28	2648.83	4359.3	2670.38	2506.39
210909HeLa-YN2-7035-1.nd2	745.123	73	-1	-1	1495.25	6446.74	3706.35	5114.99	5406.89	7385.74	6804.87	7599.33	4777.85	5751.75	1251.37	3180.87	2389.79	1669.45	1466.74	2164.62	2657.72	4085.57	2625.32	2583.15
210909HeLa-YN2-7035-1.nd2	755.162	74	-1	-1	1491.03	6463.86	3681.22	4924.38	5301.29	7171.12	6350.73	7254.32	4743.59	5273	1252.73	3214.45	2373.05	1673.61	1456.37	2164.14	2661.27	4188.71	2536.76	2587.82
210909HeLa-YN2-7035-1.nd2	765.103	75	-1	-1	1490.78	6575.53	3726.13	4969.57	5430.34	7456.47	6422.07	7285.42	4844.4	5679.28	1255.32	3236.07	2455.23	1682.01	1447.07	2212.79	2710.66	4208.25	2656.04	2558.97
210909HeLa-YN2-7035-1.nd2	775.082	76	-1	-1	1488.86	6626.64	3731.37	4955.55	5472.72	7382.04	6470.87	7576.12	4879.34	5738.64	1252.47	3176.81	2437.61	1699.12	1465.41	2193.62	2980.87	4304.01	2594.64	2532.44
210909HeLa-YN2-7035-1.nd2	785.07	77	-1	-1	1484.85	6864.02	3802.32	4776.27	5220.41	6920.99	6216.82	7370.38	4718.23	5492.43	1248.18	3243.3	2429.83	1672.31	1469.87	2190.32	2739	4187.45	2565.47	2587.46
210909HeLa-YN2-7035-1.nd2	795.05	78	-1	-1	1482.78	7118.38	3756.03	4862.47	5288.06	7018.74	6364.57	7648.98	4850.03	5425	1249.67	3388.01	2471.33	1698.57	1469.13	2273.03	2868.1	4181.79	2676.14	2666.12
210909HeLa-YN2-7035-1.nd2	805.101	79	-1	-1	1490.49	6689.02	3666.39	5022.23	5548.52	7408.96	6276.38	8078.37	5048.28	5728.66	1250.94	3301.69	2451.07	1697.19	1466.97	2226.84	2803.63	4374.56	2623.81	2745.44
210909HeLa-YN2-7035-1.nd2	815.065	80	-1	-1	1492.71	6756.97	3645.37	4982.12	5648.17	7544	6407.77	8164.15	5155.85	5827.05	1254.93	3120.66	2501.47	1694.61	1473.18	2217.69	2761.74	4400.43	2703.39	2790.25
210909HeLa-YN2-7035-1.nd2	837.348	81	-1	-1	1439.3	3866.7	2427.08	2866.55	3104.96	4887.9	3639.19	4359.72	3094.3	3599.83	1251.04	2911.13	2158.56	1609.17	1432.56	2147.65	2597.88	3542.77	2336.63	2490.05
210909HeLa-YN2-7035-1.nd2	846.909	82	-1	-1	1442.24	3648.26	2390.89	2875.55	3052.87	4778.85	3763.97	4320.94	3091.83	3554.58	1251.39	2657.76	2105.07	1588.29	1406.81	2092.34	2752.05	3492.23	2265.41	2347.93
210909HeLa-YN2-7035-1.nd2	856.856	83	-1	-1	1438.19	3634.9	2362.98	2832.7	3040.05	4625.44	3715.22	4337.53	3094.42	3681.3	1249.57	2656.15	2114.91	1593.18	1405.55	2059.61	2722.55	3611.18	2314.45	2313.81
210909HeLa-YN2-7035-1.nd2	866.841	84	-1	-1	1438.32	3669.5	2356.21	2807.26	3004.62	4576.06	3639.88	4387.36	3027.13	3545.55	1246.51	2668.24	2146.84	1588.72	1398.44	2102.45	2606.73	3443.26	2272.19	2312
210909HeLa-YN2-7035-1.nd2	876.849	85	-1	-1	1447.52	3649.05	2318.36	3080.13	3081.19	4650.19	4032.41	4382.12	3309.48	3770.44	1249.86	2683.13	2146.02	1564.8	1406.95	2117.92	2487.93	3428.43	2330.17	2269
210909HeLa-YN2-7035-1.nd2	886.888	86	-1	-1	1435.18	3631.97	2409.21	2741.41	2829.27	4181.94	3482.43	4160.17	2963.72	3414.77	1246.03	2652.43	2127.34	1566.14	1409.12	2055.06	2434.69	3373.3	2274.49	2246.88
210909HeLa-YN2-7035-1.nd2	896.824	87	-1	-1	1439.98	3581.82	2386.5	2818.24	3040.19	4511.41	3628.08	4327.27	2957.19	3595.68	1246.4	2625.57	2125.85	1568.64	1408.59	2072.17	2340.36	3591.6	2340.54	2200.23
210909HeLa-YN2-7035-1.nd2	906.856	88	-1	-1	1439.74	3589.61	2387	2784.71	2944.17	4427.96	3475.83	4191.73	2846.68	3407.78	1247.78	2716.77	2050.64	1566.81	1405.37	2038.53	2242.73	3306.01	2327.2	2199.2
210909HeLa-YN2-7035-1.nd2	916.882	89	-1	-1	1440.76	3629.55	2385.11	2789.34	2987.47	4517.2	3509	4161.99	2868.88	3463.66	1246	2764.81	2109.37	1576.56	1410.94	2040.05	2372.05	3641.33	2266.48	2222.38
210909HeLa-YN2-7035-1.nd2	926.807	90	-1	-1	1442.72	3673.59	2381.23	2786.71	2985.03	4404.05	3543.73	4184.81	3003.72	3514.86	1251.67	2786.38	2161.27	1599.97	1415.81	2079.45	2577.67	3422.35	2371.08	2296.58
210909HeLa-YN2-7035-1.nd2	936.906	91	-1	-1	1443.75	3673.06	2366.37	2756.79	2930.16	4247.53	3555.29	4115.96	2978.86	3495.22	1248.83	2805.28	2131.6	1580.94	1413.31	2054.71	2438.74	3582.92	2308.56	2294.33
210909HeLa-YN2-7035-1.nd2	946.824	92	-1	-1	1452.61	3667.91	2364.02	2748.61	2919.84	4209.87	3603.73	4080.06	2937.18	3520.89	1249.61	2816.74	2135.16	1599.86	1443.65	2040.42	2704.88	3581.37	2396.21	2324.37
210909HeLa-YN2-7035-1.nd2	956.896	93	-1	-1	1441.72	3678.4	2324.22	2893.27	3129.37	4603.37	3940.87	4320.72	3116.65	3631.56	1244.99	2764.37	2044.74	1552.97	1423.62	2012.71	2381.94	3359.9	2296.39	2341.22
210909HeLa-YN2-7035-1.nd2	966.788	94	-1	-1	1444.59	3754.31	2374.03	2831.78	3018.37	4327.11	3826.81	4239.26	2985.73	3474.43	1246.94	3001.49	2082.26	1597.8	1437.24	2000.55	2386.11	3507.64	2432.64	2285.27
210909HeLa-YN2-7035-1.nd2	976.903	95	-1	-1	1445.39	3768.01	2365.01	2780.08	2964.99	4165.27	3707.23	4252.37	2995.84	3331.72	1247.49	2955.75	2120.46	1611	1433.77	2019.82	2550.74	3466.99	2472.36	2295.72
210909HeLa-YN2-7035-1.nd2	986.942	96	-1	-1	1443.34	3744.76	2358.84	2733.22	2970.37	4258	3750.43	4364.01	2992.86	3455.64	1249.49	2861.13	2116.86	1603.69	1422.77	1985.98	2466.78	3514.74	2357.85	2262.71
210909HeLa-YN2-7035-1.nd2	997.732	97	-1	-1	1444.49	3789.98	2337.93	2704.23	2910.53	4245.9	3709.93	4230.96	2934.92	3489.36	1246.65	2718.95	2108.02	1570.9	1414.65	2000.4	2458.11	3518.2	2423.51	2385.6
210909HeLa-YN2-7035-1.nd2	1006.848	98	-1	-1	1448.97	3768.68	2367.88	2728.6	2973.39	4438.46	3741.75	4421.79	2935.74	3555.76	1249.03	2859.39	2154.34	1638.13	1430.78	2020.13	2623.05	3766.28	2482	2495.1
210909HeLa-YN2-7035-1.nd2	1016.925	99	-1	-1	1450.63	3684.34	2369.23	3094.1	3117.79	4565.45	4057.91	4508.95	3191.62	3768.66	1246.84	2710.01	2081.92	1563.53	1415.33	1990.69	2298.56	3649.94	2454.74	2417.47
210909HeLa-YN2-7035-1.nd2	1026.928	100	-1	-1	1438.11	3629.21	2368.93	2794.54	3081.19	4598.41	3786.76	4457.68	3065.29	3577.72	1248.46	2789.94	2106.24	1579.32	1415.55	2013.89	2405.37	3629.85	2428.1	2371.01
210909HeLa-YN2-7035-1.nd2	1049.568	101	-1	-1	1429.32	2820.86	1993.2	2242.73	2409.28	4047.42	2952.36	3229.66	2406.06	2846.89	1244.16	2527.95	1871.47	1508.59	1378.02	1991.48	2127.11	3150.07	2266.79	2206.72
210909HeLa-YN2-7035-1.nd2	1059.563	102	-1	-1	1428.25	2782.41	1994.41	2222.26	2406.47	3815.84	2870.66	3134.66	2417.35	2812.44	1247.41	2438.93	1781.37	1506.6	1368.8	1885.75	2080.07	2899.69	2114.73	2083.28
210909HeLa-YN2-7035-1.nd2	1069.615	103	-1	-1	1431.81	2811.66	1981.32	2178.33	2335.43	3595.18	2806.45	2953.54	2371.11	2668.31	1245.04	2446.92	1804.24	1512.3	1365.06	1898.58	2149.13	3071.37	2157.92	2117.74
210909HeLa-YN2-7035-1.nd2	1079.502	104	-1	-1	1432.6	2793.56	1989.78	2180.1	2347.56	3526.54	2802.04	3006.66	2395.08	2702.13	1242.82	2441.46	1837.59	1500.55	1361.74	1886.71	2207.04	3023.08	2173.19	2134.15
210909HeLa-YN2-7035-1.nd2	1089.594	105	-1	-1	1431.15	2823.4	1995.88	2167.21	2362.68	3530.57	2807.61	3041.18	2423.71	2703.63	1247.53	2397.82	1895.12	1518.04	1370.42	1868.96	2246.37	3040.56	2231.12	2161.28
210909HeLa-YN2-7035-1.nd2	1099.595	106	-1	-1	1429.24	2791.73	1968.96	2296.36	2464.56	3595.86	2966.64	3242.43	2526.55	2892.54	1245.25	2410.12	1888.16	1537.74	1378.97	1879.62	2326.72	3098.74	2181.52	2153.2
210909HeLa-YN2-7035-1.nd2	1109.843	107	-1	-1	1423.69	2819.5	2006.26	2153.42	2299.87	3386.76	2737.92	3170.21	2327.28	2638.7	1244.44	2406.63	1828.03	1506.73	1363.56	1839.83	2225.14	2927.72	2076.59	2058.31
210909HeLa-YN2-7035-1.nd2	1119.509	108	-1	-1	1424.68	2813.73	1996.94	2165.7	2357.65	3459.29	2824.62	3228.16	2318.56	2732.45	1246.55	2324.45	1877.51	1513.58	1365.56	1819.58	2358.63	3135.06	2127.31	2032.93
210909HeLa-YN2-7035-1.nd2	1129.503	109	-1	-1	1436.23	2879.96	1976.69	2459.79	2373.13	3506.7	2897.18	3244.93	2417.25	2821.41	1245.56	2343.6	1865.86	1517.26	1371.22	1817.49	2376.16	2915.22	2105.3	2152.18
210909HeLa-YN2-7035-1.nd2	1139.647	110	-1	-1	1423.73	2825.76	2017.7	2118.1	2247.39	3229.11	2699.49	3208.15	2302.25	2628.18	1248.77	2395.45	1825.88	1547.02	1387.06	1816.46	2499	2924.33	2172.03	2211.75
210909HeLa-YN2-7035-1.nd2	1149.851	111	-1	-1	1422.58	2823.85	1997.26	2126.28	2294.57	3309.88	2747.29	3238.17	2304.02	2651.11	1246.21	2442.61	1841.43	1521.53	1364.98	1807.59	2305.14	2915.48	2052.07	2186.86
210909HeLa-YN2-7035-1.nd2	1159.63	112	-1	-1	1425.85	2877.26	2015.36	2119.58	2218.47	3221.44	2706.95	3090.02	2303.94	2650.51	1249.17	2504.32	1870.53	1551.43	1384.81	1809.69	2351.66	3059.57	2167.67	2226.42
210909HeLa-YN2-7035-1.nd2	1169.53	113	-1	-1	1427.82	2824.82	1978.91	2158.61	2266.82	3277.58	2688.04	3066.56	2277.58	2685.75	1242.72	2495.84	1842.46	1517.31	1371.24	1802.42	2288.74	2887.85	1999.32	2144.16
210909HeLa-YN2-7035-1.nd2	1179.635	114	-1	-1	1431.18	2827.8	1977.48	2189	2325.68	3380.53	2643.23	3149.5	2304.11	2639	1249.83	2564.2	1903.24	1549.16	1379.77	1832.51	2403.66	2991.78	2178.44	2131.49
210909HeLa-YN2-7035-1.nd2	1189.536	115	-1	-1	1427.1	2801.29	1983.52	2202.78	2334.68	3338.35	2666.98	3149.83	2328.13	2645.78	1247.77	2534.87	1847.07	1528.75	1374.75	1823.67	2435.31	2928.71	2145.97	2090.12
210909HeLa-YN2-7035-1.nd2	1199.512	116	-1	-1	1425.35	2822.43	2019.3	2161.39	2272.34	3146.99	2617.59	3103.58	2324.16	2642.11	1247.78	2439.19	1854.9	1542.58	1376.4	1830.7	2480.15	3133.51	2168.31	2061.29
210909HeLa-YN2-7035-1.nd2	1209.567	117	-1	-1	1430.22	2778.4	1968.51	2218.33	2405.54	3384.15	2872.31	3264.27	2418.48	2749.94	1241.88	2442.77	1822.62	1521.35	1372.17	1812.17	2380.94	3104.71	2070.61	2101.1
210909HeLa-YN2-7035-1.nd2	1219.593	118	-1	-1	1426.36	2828.19	1984.56	2184.11	2354.38	3225.35	2753.3	3162.09	2394.61	2695.57	1239.72	2361.07	1836.94	1524.78	1371.17	1795.24	2281.77	2924.74	2084.81	2093.97
210909HeLa-YN2-7035-1.nd2	1229.522	119	-1	-1	1423.38	2814.28	2013.31	2122.62	2219.29	2968.39	2666.57	2992.61	2371.53	2554.88	1246.37	2437.24	1873.07	1532.03	1377.56	1830.79	2291.95	2771.19	2094.75	2139.19
210909HeLa-YN2-7035-1.nd2	1239.493	120	-1	-1	1428.92	2853.19	1985.73	2211.06	2372.65	3267.52	2724	3260.55	2412.63	2750.39	1246.79	2534.99	1934.55	1544.85	1385.58	1829.5	2297.66	2871.53	2098.99	2062.44
210909HeLa-YN2-7035-1.nd2	1263.343	121	-1	-1	1422.57	2337.68	1794.47	1877.53	1917.81	2706.94	2145.54	2591.18	2028.22	2205.03	1241.66	2167.54	1659.54	1447.32	1333.86	1771.74	2044.98	2387.59	1857.7	1843.03
210909HeLa-YN2-7035-1.nd2	1273.368	122	-1	-1	1421.91	2331.55	1781.58	1876.56	1930.63	2706.04	2124.45	2598.4	1996.55	2236.36	1245.11	2103.17	1602.94	1418.29	1323.16	1714.71	1933.26	2344.96	1782.61	1777.16
210909HeLa-YN2-7035-1.nd2	1283.206	123	-1	-1	1420.71	2322.96	1766.95	1879.67	1931.67	2681.98	2132.61	2600	1992.96	2267.15	1240.47	2023.64	1617.81	1427.75	1332.1	1691.13	2014.75	2379.03	1780.79	1769.84
210909HeLa-YN2-7035-1.nd2	1293.2	124	-1	-1	1420.77	2312.35	1761.89	1873.76	1938.06	2622.47	2134.87	2529.43	1990.4	2230.43	1244.71	2083.31	1637.38	1422	1337.71	1669.38	1912.33	2431.18	1737.18	1799.79
210909HeLa-YN2-7035-1.nd2	1303.246	125	-1	-1	1421.49	2312.21	1792.48	1850.76	1879.89	2491.75	2099.85	2429.74	1957.66	2141.59	1248.18	2025.35	1609.87	1427.63	1338.2	1668.2	2087.23	2265.82	1739.8	1805.33
210909HeLa-YN2-7035-1.nd2	1313.229	126	-1	-1	1415.85	2307.99	1771.36	1870.48	1924.28	2537.08	2139.17	2496.65	1959.87	2185.4	1248.88	2003.08	1627.66	1417.94	1336.64	1626.37	1970.95	2303.15	1753.21	1738.36
210909HeLa-YN2-7035-1.nd2	1323.201	127	-1	-1	1427.87	2355.43	1764.26	1981.26	1981.97	2682.16	2227.65	2566.32	2029.05	2301.3	1245.11	2018.99	1627.9	1422.03	1329.01	1630.05	1918.06	2231.16	1730.98	1784.28
210909HeLa-YN2-7035-1.nd2	1333.239	128	-1	-1	1419.21	2252.06	1779.39	1858.68	1922.44	2548.93	2182.77	2447.7	1960.26	2155.32	1246.91	2024.67	1645.24	1429.05	1334	1603.32	1867.85	2181.44	1712.57	1797.02
210909HeLa-YN2-7035-1.nd2	1343.404	129	-1	-1	1424.22	2287.97	1738.61	1905.9	1997.54	2653.91	2301.85	2504.45	2040.97	2267.07	1244.47	1999.38	1607.75	1422.82	1320.12	1597.69	1846.23	2265.84	1706.5	1804.14
210909HeLa-YN2-7035-1.nd2	1353.395	130	-1	-1	1418.12	2233.77	1771.34	1871.06	1955.36	2578.88	2216.49	2462.23	1988.88	2226.65	1240.91	2022.23	1596.1	1409.06	1314.42	1595.34	1789.29	2161.33	1703.87	1774.89
210909HeLa-YN2-7035-1.nd2	1363.351	131	-1	-1	1421.63	2258.88	1775.72	1862.94	1938.63	2563.42	2189.13	2440.42	1991.08	2194.5	1240.46	2020.83	1618.04	1421.62	1323.61	1589.96	1849.07	2144.12	1764.87	1823.03
210909HeLa-YN2-7035-1.nd2	1373.38	132	-1	-1	1422.82	2235.6	1791.17	1864.57	1942.68	2581.26	2159.69	2461.33	1958.08	2165.47	1246.16	1996.36	1626.85	1430.42	1324.45	1592.92	1911.36	2238.38	1782.91	1781.5
210909HeLa-YN2-7035-1.nd2	1383.286	133	-1	-1	1425.71	2309.94	1772.11	1901.13	2038.2	2686.04	2248.5	2558.45	1983.53	2265.14	1246.94	2025.45	1606.97	1437.12	1326.75	1595.43	1925.94	2297.53	1757.23	1740.84
210909HeLa-YN2-7035-1.nd2	1393.36	134	-1	-1	1422.01	2249.6	1793.3	1845.96	1899.95	2471	2063.31	2476.94	1919.06	2121.63	1242.18	2030.94	1602.71	1429.56	1323.55	1572.59	1908.4	2350.25	1787.03	1719.65
210909HeLa-YN2-7035-1.nd2	1403.232	135	-1	-1	1426.29	2239.56	1788.74	1849.41	1918.47	2477.11	2126.48	2497.92	1920.02	2094.45	1240.95	2002.22	1584.58	1414.04	1320.64	1573.3	1834.57	2273.4	1745.42	1719.14
210909HeLa-YN2-7035-1.nd2	1413.385	136	-1	-1	1416.8	2207.69	1779.39	1869.22	1990.84	2571.23	2180.44	2520.57	1931.26	2195.85	1238.13	1992.67	1586.34	1403.75	1317.24	1576.09	1742.62	2315.9	1726.92	1750.7
210909HeLa-YN2-7035-1.nd2	1423.399	137	-1	-1	1428.29	2300.82	1787.09	1959.5	2053.23	2722.28	2160.88	2527.1	2034.94	2281.88	1240.12	1979.18	1569.14	1410.34	1329.06	1570.17	1891.63	2296.49	1765.16	1810.41
210909HeLa-YN2-7035-1.nd2	1433.146	138	-1	-1	1416.91	2209.31	1769.81	1852.62	1951.75	2460.73	2095.01	2408.23	1944.97	2129.17	1238.96	1973.08	1565.82	1403.15	1310.07	1562.3	1743.19	2260.93	1675.57	1766.68
210909HeLa-YN2-7035-1.nd2	1443.333	139	-1	-1	1423.13	2189.1	1774.35	1870.56	1985.31	2478.55	2114.96	2423.17	1951.9	2136.04	1243.45	2009.87	1599.59	1418.26	1325.03	1566.73	1910.64	2373.12	1736.03	1761.13
210909HeLa-YN2-7035-1.nd2	1453.398	140	-1	-1	1430.07	2227.13	1750.54	1900.73	2035.91	2596.67	2177.72	2427.81	2007.24	2217.04	1239.74	2040.79	1601.16	1400.49	1318.99	1534.95	1726.93	2247.68	1691.76	1750.53
